0101011000110010010101100111001101100010010000110111011101100111010110010101011100110101011010110100100101000111001101010111011001100100011110010100001000110101
0110001000110011010101010110011101100011001100100101011001101100010010010100100001010010011011110101100101011000010100010110011101100001010110000101010001101001
0110011101001010011011000111101001001001010001110100011001101001011000110011001000111001011100110110010001011000010100100110110001100010010010000110101101100111
0110001101000111001110010111000001100010011011100101001001110011010110100101100001001110011110100100100101001000010100100111011001001001010010000101001001111001
0110010101010011010000100011000001100010011110010100001001110000011000100110111001011010011011000110001001101110010100010110011101100101010101110011100100110001
0110001101101001010000100111011001100100001100100011010001100111010000110110100101001010011010100110001101101110011011000111011101100100010001110011100001101001
0100100101001000011001000111000001100100010001110110011101100111010110100101100001101000011101110101101001010111010011100011000001011001010110000101001001110000
0110001000110010001101010111101001001001010010000101001001101111010110010101100001010001011001110110000101010111010110010110011101100011001100100011100101110100
0101101001010111001110010111010101011010010100110100001001101011011000100011001001010110011110100110001001101001011001000011000001001001010001110111010001110101
0110001000110011011000110110011101100100010001110110100001101100010010010100011101000110011100110101101000110010001110010111100101100001010110000101001001101111
0110001001010011010000010110111101011010010110000101101001101100011000100110100101000010011010010110000101010111001101010110100001100011011011100110101101100111
0101100101101101010001100111101001011010010101000101100100110000010011000100001101000010001100110110000101000111011011000110101001100001010000110100001001110000
0110001101111001010000100111011101100011011011010101011000110000011001000100100001101011011001110110001100110011010100100011000101100011010001110110110001101011
0100101101010011010000100111000001100100010011110100101101000001011011010101100001001101011001110110000101010111001100010111011101100010001100110100111001111010
0110000101010111010010100111001101011010010100110100001001101101011000100011001101001001011001110110000101000111011011000111010001001001010010000101001001110110
0100100101000111010100100110110001011001001100100110110001110111011000010100011101010110011110010100110001101001010000100101101001100010001100110101010101101110
0110001101101101010101010110011101100011011011010101011001101000010110100100011101101100011101010101101001111001010000100011000001100001010001110110110001111010
0100100101000111001101010111011001100100011110010100001001110000011000100110100101000010011101110110001001000111010001100111000001100010011010010100001000110000
0101101001011000011010000011000001001001010010000100111001110110010010010100100001010010011011110101100101011000010100010110011101011001010110000100101001101110
0110010001010111001100010110110001100010011011100101000101100111010110010011001001111000011011000101100101011000010010100111001101100101010100110100001001101101
0101100101010111011110000111001101100011011110010100001001111010011000010100011100111001011110010110010001000011001101000100101101000011011010110011010101110110
0110010001111001010000100011000001100010011110010100001000110000011000010100011101010101011001110101100101010111010011100011000001100100010101110100011001110011
0100100101001000010100100110100001100011001100100111010001111010010011000110100101000010010000100110001001000111011101110110011101100010001100100101100101100111
0110010001000111011010000110110001100010010100110100001001101000011000110110110101010101011001110101101000110011010010100110100001011010010001110101011001101011
0100100101000111010010100110100001100011001100100101011001101011010010010100011100111001011101010100100101001000010100100110111101011010010100110100001001101010
0110001000110010010100100110110001001001010010000110110001110110011001000101001101000010001100110110001101101101011011000011000001011010010100110111011101100111
0110001100110010001110000110011101100010011011010011100001100111011000110100011100111001011100000110001001101110010100010110011101100001010101110011010001100111
0110001100110011010100100110110001011001010101110111100001110000011000100110110101100011011001110101101001000111010101100110101001100001010110000100001001101111
0101101001011000010010100110110001011010010000110100001000110000010110100101100001101000001100000100100101000111010110100111100101100010001100100011000001100111
0110010101010111001110010011000101100011011010010100001001101010011000100100011101000110011110100110001100110010001100010110100001100100010001110101011001111010
0100110001100111011100000101100001100011011011010110110000110000010110100101001101000010011010000100100101001000010000100111000001011010010101110100111001101100
0100100101000111001110010110110101001001010010000100111001110110010110100110111001010010001100110101100101011000010010100110110001001001010010000101001001110110
0100100101000111010001100011000001100100010001110100011001101010011000010111100101000010011010000100100101001000010011100111000001100010011011010110010001110011
0101101001010011001100010110100101100101010110000101001001101100010010010100011001101000010100000101010101101001010000100110101001100001010110000100001001101111
0101101001011000010010010110011101100100001100100110100001110000010110010011001001100111011001110110000101011000010011010110011101100100010001110110100001101100
0100100101001000010011100110100001100010010101110101010101100111010110010101100001001101011001110101000100110010010001100110110001100011001100100100011001111001
0100100101000111010010100011000101100100010000110100001000110011011000010101100001010010011011110100100101001000011010000111011001100011011010010100001001110110
0110001101000011001101000100101101001110011110100110101100110001010011110100010001010001011101110100110101010100011000110011000001001101011110100101000100110001
0100111001000111010101010111100001001110011110100101010100110010010011010101010001100011001100000100111001010100010101010111100101001110010001000110001100110001
0100110101101010010101010011001001001110010001000100110100110001010110100101010001010101001101010100111001010100010000010111100001011001010101000101011001101010
0100111001010100010010010011000001011010010101000100010100110011010011100110110101011001001100110100111101000100010110010011000101001101010101000110001100110001
0100111001000100010101100110110001001110010001000110001100110001010110100110101001010101011110010100111001000100010101010111100001001111010101000100010100110011
0100111001111010010010010111100001001111010101000101010101110111010011010101010001101011011110000100111001111010010101100110110001001110010001000100110101111000
0100111001111010010100010011000001001110010101110101100100110001010011110100010001010001011110010100111001010111010010010011000101001101011110100100010100110011
0100111001000100010011010011000101001110011010100101011001101010010011100101010001001001011110000100111001111010010101010011001001001101010101000110001100110000
0100111001000100010100010111101001001110010001000101010100110001010110100101010001010101001101010100111001010100010000010111100001001110001100100101000100110001
0101100101101010011001000110100001011001011010100101011001101101010011100101010001001001001100010101100101101010010101100110100101001110010101000110011101111000
0100111001111010010100010111011101001110010101000110011100110000010011100101010001010110011010010100111001010100010011100110101101001110010101110100100100110011
0101100101010111010001010111100001001110011110100101010100110010010011100101010001101011001100010100110101111010010001100110100101001101010101000110001100110001
0100110101000100010101100110110001001110010001000100010100110001010011010110101001010101001101010100110101010100011000110011000001001101011110100101011001101101
0100111001010100010010010111100001001110011110100101011001101010010011100101010001001001001100000101101001010100010001010011001101001110010101110101010100110000
0100111001000100010001010011001101011010010001000101011001101001010011100011001001000110011010010100111001010111010011010011000101001101011010100101001001101100
0101101001000100010101100110100101001110001100100100011001101000010011010101011101001001011110000100111001111010010100100110110101001110010101000110011100110000
0100111001010100010001010011001101001110010001000100110100110001010110100110101001010101011110010100110101010100011000110011000101001101010101000101011001101100
0100111001000100010101010011000001001110010001000101000101111010010011010101010001100011001100010101100101101010010101010111100101001110010001000100110100110000
0100110101111010010101010111100101001110010001000101010101111000010011100011001001010001001100010101100101101010011001000110100001011001011010100101011001101101
0101101001000100010101100110100101001110001100100100011001101000010011010101010001100011001100000100110101000100010101100110110001001110010001000100110100110001
0101101001101010010001010011001101011010010001000101011001101001010011100011001001000110011010010100111001010111010011100110101101001110010101110100100100110011
0101100101010111010001010111100001011001011010100100010100110011010011100100010001001101001100010101101001101010010101010111100101001110010101000110101101111000
0100111001111010010100100110110101001110010101000110011100110000010011100101010001000101001100110101101001000100010101100110100101001110001100100100011001101001
0100111001010100010010100110101101001110010101110100100100110011010110010101011101000101011110000100111001111010010100010111011101001110010101110101010100110000
0100110101111010010101100110110101001101010101000110010001101011010011100101011101001001001100110101100101010111010010010011000101001101011011010101000100110001
0101100101101010011001000110100001011001010101000100011001101001010011010101010001100011001100000100110101111010010101100110110101001110010101000100100100110001
0100111101010100010001010011001101011010010001000101011001101001010011100011001001000110011010010100111001010111010010100110101101001110010101110100100100110011
0101100101010111010001010111100001001110011110100101000101110111010011100101011101010101001100000100110101111010010101100110110101001101010101000110010001101011
0100111001010111010010010011001101011001010101110100100100110000010110100101011101010001001100010101100101101010011001000110100001011001010101000100011001101001
0100110101010100011000110011000101001110011010100101010100110101010011100101010001001101011110000100111001111010010100010111101001001110010101110101100100110001
0100110101101010010101010011010101001101010101000110001100110000010110100110101001010101001101000100111001000100010101010111100001001110011110100101010100110101
0100111001010100010010010011000001011010011010100101000101111010010011010101010001100011001100010100111001000100010101100110110101001110010101000101100100110000
0100111001010100010001010011001101011010010001000101011001101001010011100011001001000110011010010100111001010111010010100110101101001110010101110100100100110011
0101100101010111010001010111100001001110011110100101000101110111010011100101011101010101001100000100110101111010010101100110110101001101010101000110010001101011
0100111001010111010010010011001101011001010101110100100100110001010110010011001001010001001100010101100101101010011001000110100001011001010101000100010100110011
0100111001010100010110010011000101001101010001000101010100110010010011100101011101010101001100010100111101010100010001100110100101001101010101000110001100110000
0100110101111010010101100110110101001110010101000100100100110001010011110101010001000101001100110101101001000100010101100110100101001110001100100100011001101001
0100111001010100011010000110101101001110010101110100100100110011010110010101011101000101011110000100111001111010010100010111011101001110010101110101010100110000
0100110101111010010101100110110101001101010101000110010001101011010011100101011101001001001100110101100101010111010010010011000101001101011011010101000100110001
0101100101101010011001000110100001011001010101000100010100110011010011100101010001011001001100010100111101010100010101010111101001001101010101000110001100110000
0100111001000100010101010011010001001101010101000110001100110001010011110100010001010101001101010100110101010100011010110111100001001110011110100101101001101100
0100111001010100011001110011000001001101011010100100010100110011010011100101011101000101001100010100111001101010010100100110110001001101010101000110001100110000
0100110101101010010100010011000001001110010101000100100101111000010011100111101001010101001100100100111001010100011010110111100001001110011110100101011001101100
0100111001010100011010110011000101001101011110100101010101111001010011100100011101011001011110000100111001111010010101010011010001001110010101000100010101111000
0100111001111010010101010011000001001110010101000110011100110001010110100101010001010101001101010100111001010100010100010011000101011010010101000101010101111010
0100111001010100010010010011000101001111010101000101010100110000010011100101010001001001011110000101100101101010010001010011001101001110001100100101100100110001
0100111001101010010101100110100001001110010101110100010100110001010110100101010001010101001101010100111001010100010000010111100001001110011110100101010101111010
0100111001010111010101010011000001001110010001000101000101111010010011100101010001011001001100010100111101010100010101010011000001001110010101000100100101111000
0101100101101010010001010011001101001110001100100100110100110001010011100110101001010001001100000100111001010111010101010011000001001110010001000101011001101010
0100111001010111010101010111100001001110011110100101010101111001010011100100011101011001001100010100111001101010010101100110100001001110010101110101010100110001
0100111101010100010101010011001001001110010001000100110100110001010110100101010001010101001101000100111001010100011010110111100001011001011010100100010100110011
0100111001000100010100010011000001001101011110100101010100110010010011100100010001001101001100010101101001010100010100010011000001001110010001000100110100110001
0101101001010100010101010011000001001110010101000101100100110001010110010110101001000101001100110100111001000100010011010011000101001101011010100101000100110000
0100111001000100010011010011000001001110010001000100010100110011010011100101010001100111001100000100111001010100010001010011001101001110010001000100000100110001
0101101001101010010101010011001001001110010001000100110100110001010011010110101001010001011110000100111001010100010010010011000001001110010101000100010100110011
0100111001010111010001010011000101001101011010100101000101111010010011100101011101011001001100010100111101000100010101010111101001001101010101000110001100110000
0101101001010100010101010011010001001110010001000100100101111000010011100111101001010101011110000100111001010100010010010011000101001101011010100101011001101001
0100110101010100011000110011000001001101010001000101010100110100010011100100010001001001001100010101100101101010010101010111101001001101010101000110001100110000
0100111001000100010101100110110101001110010101000110011100110000010011010100010001000101001100110100111001000100010011010011000101011010011010100101010101111001
0100110101010100011000110011000101001110010101000101010101111001010011100100010001010001001100000100110101111010010001010011001101001110010001000101010100110001
0100110101101010010100010011000001001110010001000100100100110001010110010110101001010001011110100100110101010100011010110100101101010010011110100100001001001010
0101001001101011001110010100011101010110011010110011000101001101010101010110101101000110010100010101001101010100010001100101001001010011011011010100101001000110
0101010101010101010100100110100101010010011010110101011001011010010101000011000001011010010001100101010101000101011100000011010001010001010101110101101001001010
0100110101010100010000100100101101011001011010110101011001001110010100100110101101101100010101100101000101010101010001100100110001010101011010110100011001101101
0101010000110001010110100100101001011010011010110011100101000111011000010011000101101100010100000101011001010110010001100100011101010011010101000100010100110001
0101010001010101011101110111100001100001001100100100111001001011010100100110110001010110011011000101011101010111011010000100001001001110010001010110110000110100
0101000101010111010101100100110001010110011011000100011001100001010101000100010001000110010101110101010001010101001110010100011101011010001100000111000001101001
0101001001101011001100010100010101010011010101100101011001000010010100010101010101110100010101100101101000110000010110100101000001010010010101110111100001001110
0101001101010100010001100110000101010100010101010011100101000111010110100011000001011010010100010110010101000101010001100100010101010011010101110111100001010111
0101010001010101001110000111100001010110011010110011000101010000010011010101011101110100010000100101001101010101010010100100001001010111011011000100000101111000
0101011001101011001100010100101001001101010101000101001001000010010101000110110001001010010000100101011101101100010000100100011001010001010101010111000001010001
0110001001000101001100010100111101010101010001000100011001010111010101000101010101101100010001110101011001010110011011000101000001010010011011000101011001101100
0101010101001000011010000011010001010100010101100100000101111000010011110101010100110001010100000101001001101101011001000100101101011001011010110101101001111010
0101001101101011001101010101011001010100010101110100111001001101010101100110101100110001010010110101100101101011010110100111001001011010011011010100101001000111
0100111101000101010011100100101001010010010101110111100001001110010110100110110101100100011000010101010001101101010010100100100001010101010101010101001001101001
0101001001101101010011100100101101010100001100000100101001000010010101110101010101110000010001110110000100110010010110100110100101010010011010100110100001000100
0101001100110001010010100100001001011010010101010111000001010111010110010011000001010110010100000101000101101011010001100100111101010100001100010101011001010010
0101001001000101011011000101011101010010010101100110110001001011010101100110101100110001010011110101001101010101010110100011001101010110011011010100101001000110
0110000100110000010100100101000001010101011010110100011001101001010100110110110001011010001100110101000101010111010010100100011001010001010101110101011001001010
0100110101010101011011000100111101010100010001110111100000110011010101100110110101001010010001110100111001000101011100000100110001010110011011000100101001001110
0101010000110000010110010011010101010100010101010011100101010110010101000101010101110000011010010101001001010101001100010100010101010011010101100101101001010111
0101010001010110010000010111100001001111010001110101011001010000010100010110101101000110010001010101001100110010011010000100001001010100010001010111010001010111
0100111001000101011100000101000001010010011011010111010001010001010110010110101101011010010001100101000101010101011100110111100001001111010001110101011001001011
0101011001010110010001100100011001010011010101100100101001000011010100100101010100111000011110000101101000110000010110100100110101001101010101110110100001001110
0101010001111010010001010011010001011010010101010110111101111000010101100101010101101100011010010101001001010110010001100100011001010011001100010100101001000010
0101010000110000011101000101011001010100010101100110110001101001010100100110111001100100010011110101010101000100010000100101001101010100010101010011010101010111
0101011001010101001101010101000101100001010001110111100001000010010110010110101101010110010011100101001001101011011011000101011001010110010101010100011001001101
0101011001010110010001100100101101010011001100000100101001000010010101000110101101101100011100110100111001000101011100000100110101010110011011100110010001000111
0101001101010111011110000110101101010100010101010110101101110111010100110110101100110001010011000100110101000101011011000100111101010011001100000101101001110010
0101001101101011011011000111001001010101011010110011000101001100010100100110110001010110011011010101010001000100010001100101011001010001001100000011100101000011
0100111001010101001100010100100101001101010101100101011001101100010100110110110001011001001101000101011101101100010000010111100001100100001100010101101001011010
0101000101101011010001100110100101010101010001110111100001110010010101110101010101110100010100110101000101010101010110100101000001010001011010110100011001101100
0101001101101100010110100110101001010010010101010011100101000011010100010101010101001110010010100100110101000111010100100100001001011001011010110101011001110010
0101001001000101001110010101001101010001010101110100101001001011010101100110111001100100010000100101100101101011010110010011000001010011011010110111010001010111
0101010101101011001100010100101101010110010101100100101001001110010101000011000001011001001101010101010001010101011101000100011101010110010101100100001001001011
0101011001010101010001100100011001010011001100010101011001001011010101000101010100111001010001110101101000110000011100000110100101010010011010100101001001001011
0101010001101011010101100101001101010100010101010110101101111000010011100100010101110000011010010101001001101011010101100110110101011001011010110101011001101010
0101001101101011011011000100011101100101010001010100111001101001010100110100010101101100010010110101010001000110010101100100101101010100010101010111000001010111
0100111001010101001100010100101001010110011011010111010001000100010100110011000001001010001101000101010001010101001110010100011101011010001100000111000001010001
0110001001000110010110100100110101010101010010000110100001000010010100010011000001101100001101000101000101010111010110100101000101010010011010110101011001010001
0101001100110001010101100100111101010001001100100100101001000101011000100011000001010110010100000101001001010110010001100110101001010101010010000110010001110111
0101001001000110011010110111100001010101010101010101001001001101010011010100010100110101010001000101001101111010010001010011010001010010010001010111001101111000
0110010000110000011100000101101001100010010001010011000101000101010100110101011001001001001101000101001101010101011010110111100001010100010101100111000001001010
0101011001101100010101100100010001010100001100000100100100110100010100110101011001101100001100110101001001010111011101000100011101010101010101110100111001110110
0101001101010101010010010111100001010111011010110111000001010110010101010101010001000110010001000101000101010101001100010011001001010010010101000100011001101010
0101001101000101001110010101011101010110010110000101011001010000011000010011000101101100001100010101000100110010011101000100001001001110010001110101011001001001
0101010001010101011100000100110101001101001100100100110100110100010100110110110001100100010010110101101001101101010110100100100101010011010101110101101001000101
0101011000110000011011000100001001010010001100000101011001000010010011110101011001101011011110000101011001010101011011000100101101010110010101100100101001010101
0101010000110001010101100100111001011001001100100100111001010110010101000101010101010110010011010101011001010101011011000100011101010011010101110111100001101010
0101000001010001011100000100011001010010011010110101101001010001010101010101010101111000010001100101001100110001010110100101010101010110011011000100001001000100
0101010101000110011011000100011101010100010001010011000101010111010100110100011001000110010011010101011001010101010101100101100001010001001100000011010101010111
0101011000110000010110100101101001010010001100000110100001011010010101100100010101001110010001100101011001000101011010000101001001010010010101010111010001001101
0101010101000110010110100100111001010101001100000100011001001100010101010011000101000010010101110101010101000101010001100101000101010110011011000110110001011000
0101010001010110010110100100100101010101010101010111100001010110010101010011000101000010010100100101010001000110011011000101100001010100010001010100011001010100
0101010001000101010110100101011101010110001100010100001001010010010101000100010100110001010101110101001101000110010001100100110101010110010101100100001001001101
0101010101101100010000100101010001010101010101010111100001010110010101000100011001000110010001100101010100110001010000100100001101010100010001100110010001010001
0101000100110001010011100101011101010101011011000101101001011000010100100110101101111000010010010101010001000110011001000100011101010100010001100110010001010001
0101011001010101010101100101100001010010011011000110110001010000010101100100010101001110010011100101010101010110011011000101010001010100010001100110010001010000
0101011101010110011001000101101001010010010101100101001001001001010101010101010101010110010011000101010001000110010000100101011101010100010101100100111001000010
0101001100110001010011100101000101010110011011000100001001000010010101010100011001011010010110100101011000110000011010000100011001010101010001100100001001001101
0101011001010110011001000101010001010010001100010110110001010110010101000100010101010110010011100101010101010110010100100100110101010101010001100100001001001101
0101011001010101011001000101011001010111010101010011100101001101010101100011000001010010010101010101011001101100010011100101001001010010010101100101001001001001
0101010101010101010101100100110001010100010001100100001001010111010101010100011001011010010101000101010001010110010100100100110101010010010101100101011001010001
0101010101010101010101100101000101010001001100010110110001000010010101000101010101010110010110000101011000110001011011000101010101010111010101100110010001000101
0101010001000110010101100101011001010100010001100101001001000100010101110101011001100100010100010101010101010101011110000101010001010010010101010011100101001101
0101010100110001010110100101000001010011010001100101001001001101010101100101011001101100010000100101010101000110010110100101100001010100010001100110110001001000
0101001001000101010001100100110101010101001100010100111001010111010101100011000001010010010100010101010101010101011110000100111101010100010001010100111001001100
0101000100110000011110000101001101010101010101010101011001000010010101010011000101000010010101110101001101010101011110000101010001010100010001010101011001010110
0101010001010110010001100100001101010101010101100101101001001110010101010101010101001110010110100101000101010101011010000101011001010111010101010111010001000110
0101001100110001010100100100010001010001010101100100111001001101010100100110110001000010010110100101001001101011011110000100111001010110011010110110100001010010
0101010001000110010101100101000101010101010101010111100001001001010101100101010101111000010010100101011001101100011011000100001001010101001100000110100001000110
0101011001010101010101100100010101010110010101010101011001001001010101010101010101001010010101110101011001000110010100100101000101010101010101010111100001010111
0101011000110000010110100100110101010101011011000110110001001000010101000101011001101100010101110101011000110000001100010101011101010010011010110111100001011000
0101010001010101011110000101010001010101010001100101101001010101010101100100010101001010010110100101011001010101001101010100011001010101001100000101011001010100
0101000101010101010100100100010101010100010001100100111001010001010101100110110001101100010110000101000100110001011011000100001001010100010101010101011001011000
0101010101000110010101100100010001010101010001100110110001000111010101100110101101101100010101110101001001101011011110000101000101010101010101010111100001010000
0101010001000110010011100101010001010010010101010101001001001101010101100110110001100100010010010101001001010110010101100101000101010101001100000111010001000100
0101010101000110010001100100110101010110001100000100011001010000010100110011000001111000010101100101011101010101011001000100111001010101010101010101011001010110
0101001001010101001100010101000101010100010001100101011001010100010101100110110001100100010001100101010001101011011110000100010001010010010101100110010001000111
0101001001010101011010000100100101010110010001010100111001001000010101100101010101111000010110010101000101010101011110000101100001010100010101010100111001000110
0101011000110000010101100101010101010001001100010100111001010111010101010011000101000010010110100101010001000101010101100100111001010101010101100110110001001000
0101010101000110010001100100110101010100001100000011000101000110010101100011000001001110010110100101000101010101011001000101011101010110001100000101101001000110
0101000101101011010101100100010001010101010001100110110001000010010101010011000001111000010100100101011001101011010100100101001001010100010001100101011001011010
0101011001010101010110100100110101010110010101010110010001010110010101000100011001101000010000100101010001000110011001000100111001010001001100010100111001010001
0101001001010110010000100101011101010101001100010100001001010111010101000101011001001110010000110101011001101100010000100101001001010101010001100100011001010111
0101010100110001010000100100010001010011010001010111100001011010010100100011000000110001010101110101001101000110010001100100110101010110010101100100001001010010
0101010001000110011001000100110101010101011011000100001001010000010100100101010101010010010101110101010001010101010101100101010101010001011011000110110001010110
0101001001101011010010100101011101010110010001100101001001010001010100100101010100110101010011010101010101000110011011000101000101010101010101010111100001011000
0101010001000110010010100101000101010110010001010101011001001100010101000100011001100100011000010101011101010101010011100100110001010110011011000100001001010101
0101000100110001010011100101010101010010010101100100111001010010010101010100010101001010010110100101010001010101010101100100100101010110011011000100001001000110
0101011001000101010011100100111001010010010101010110100001010111010101010100010101010110010101010101011101101011001100010100011001010011010001100101101001010001
0101001001010110010100100100110001010110010001010011000101000110010100110100011001011010010100010101001001010110010100100100010001010100010101010101011001001001
0101011001101100010000100100011001010110010001100101000101001011010101100101010100110001010101100101010101000101011110000101101001010101011011000110100001010000
0101011101010110010010100100010001010011001100010101001001011010010101110101011001000010010001010101011101010110011100000101010101010100001100010101011001011010
0101001001000110011100000100100101010111010101010111000001011010010101100101010100110101010101010101010000110000001100010101101001010110010001010011100101001101
0101011001000101011101000100001001010100001100000110100001010000010100110011000101110000010001000101010001010101011101000100001001010110011011000111000001000101
0101011101010101010010100101001101010100001100010100101001010001010101100100010101101000010100100101010001000110010011100100011001010101011011000101011001010000
0101001001010110010010100100111001010011001100010111000001001000010101010101010101110000010100000101001101010101010100100100101101010110010101010101001001001111
0101001001000110011100000100001001010110010001100101011001010111010101000011000101010010010101010101010001000101001100010101001001010001011010110011100101011000
0101010001101011001100010100011001010101011011000100011001010101010100100100011001010010010101100101001001101011011101000110000101010001001100000011000101010101
0101000101010110011100000100111001010010010101010011100101001011010100110110101101110000010100000101011101000101001100010100011001010101011010110111010001001011
0101001101000101010001100100010001010100010101100101001001000010010101110110101101000110010101010101001101010110011100000101000001010010010101100100001001010001
0101001101101011011101000100101001010011011010110111000001001111010101000011000001001110010001110101001001010110010000100100110101010010011010110100101001010110
0101010001101100010001100100100101010011010001100100001001010001010100110011000101101100010110100101001100110001010001100100001001010111011010110111010001010101
0101010000110001010100100100101001010011001100010111000001001111010101110100011001000010010010000101010101010110011100000101001001010001010101100111000001001100
0101011001000101001110010101010101010011010101100111000001011010010101000110101101101100010101100101001101010110010011100110000101010011010101010100011001000110
0101010001000101001100010100110001010101001100000111000001010000010101110101011001010110010110100101011101010110010100100100100101010100011010110101011001001010
0101001001010101001110010100011001010101001100010101011001001101010101000011000101101000010011010101011001010101010101100101101001010010001100000100101001000110
0101011001010101011001000100101101010100010001010110100001000010010100110110110001010010010010000101001000110000001110010100011001010100001100010100111001001110
0101001101101011011010000100111101010010011010110111000001000010010101000100010101011010010000110101010000110000011010000101000001010011001100000100011001001000
0101010101000110010100100100101001010011010001010111010001001111010101000101010101110100010101010101010000110001010101100101011001010110010101010011000101010110
0101010101010110010101100100010101010001010101100101001001010110010100100101010101101100010100110101000101101011011101000101101001010110010101100100011001010101
0101011000110000011101000100101101010011001100010111000001001111010101000100010101010010010100110101011101101011010010100100110101010110010001010111000001001011
0101001101101011011011000100010101010011011011000110110001010100010101100101010101111000010010110101000101010110010010100100110001010011010001010111010001010110
0101001100110000010010100100101001010101001100000100101001001101010101100100010100111001010010110101010101101011010001100101010101010011010101010011100101001010
0101011001000101011010000101101001010110010101010111100001000111010100010110101101101100010101010101010000110001010110100100100101010101011011000111000001001010
0101000101010110011010000100011101010010010001100100101001001111010100110101010100111001010100110101010001000110011100000100011001010111010101100101011001010110
0101001101101011011001000100011001010001011010110101011001011010010101000100010100110101010011100101011101010101010011100110000101010010010001010110110001010101
0101001100110001010101100101100101010101001100000111000001000110010100110110101101001110010001110101001001010110010101100100100001010011011010110111000001010000
0101011001000110010001100100011001010111011010110011010101010000010101010110110001000010010011110101011001010101010100100101000101010100011011000100011001001010
0101000101010110011011000101000101010010010101010101001001011010010101010100010101010010010110100101011001000101011100000100001001010011010101010110010001001011
0101011101010110010101100110000101010001011010110111100001010101010100110110101101110000010110100101011101010101001101010101010101010100010101100100111001000110
0101001101101100011011000100011101010100011010110111010001001001010101000011000101010010010010110101000101010110010010100100111101010100010001010110100001001001
0101010101101100011010000100010101010110010101100100001001100001010100110101010101000110010011010101011101101011010101100100010101010110010101100110110001000010
0101010000110001010011100100001101010001011010110110110001010101010100110011000001110100010110100101010001000110011010000100110001010111011010110011010101010010
0101001001010110011011000100110001010011001100010111000001010101010101000011000001110100010010010101011000110000010011100101000001010100010001010111010001010110
0101010101101100010100100101100101010101001100000111010001001100010100010101010101100100011000010101001001010110010000100100110101010101001100010110110001001001
0101011001000101001100010100110001010101011010110111010001001011010100110101010101101100010100100101011101101011010100100101010101010100011010110110100001000101
0101011101010110011010000100111001010010010101010110110001010011010101000101011001001010010100000101001000110000011100000101101001010110010101010011000101001001
0101010001010101010100100100111101010111011010110110110001010000010101100100011001000110010001100101001100110001010101100101001101010110010001100110100001010100
0101001100110000011101000100001001010010001100010111000001000110010101010100010101111000010101000101011101010101011010000101010101010100010101010111010001010011
0101001100110000011100000100101001010011010101100100011001100001010100100100011001010010010011110101010101101011001110010100001001010110010101100110110001001101
0101010000110001010100100100101001010100010101010101001001010010010100110110110001101100010100100101011101000110011100000100010101010101010001100101011001001110
0101011101010101001100010101101001010101010001100110110001010011010101010101010100110101010110100101001001101011001101010101011001010111010101100101011001001011
0101001101101011010101100100001101010010010101010011100101001110010100100100010100110101010010100101011101010110010101100101000001010011010001100110110001011010
0101011101010101011100000100100101010001010101010011100101010010010100100100011001001010010011000101001100110001011100000101001101010101011010110111000001000110
0101010101000101010011100100011101010100011011000100101001001100010100110110110001010110010010010101010100110000011100000101000001010011010101100100101001010010
0101011101010101010100100110000101010001011010110111010001100001010101100101011001001010010011000101001001000101001101010100111101010010010101010011100101011010
0101000101101100010100100100110001010111010101100100001001000110010100110110101101001110010011100101001100110000001110010100001001010011011010110011100101010011
0101001100110001010100100100110001010011011010110111100001000111010100110101010100111001010100100101001101000110011011000101000101010100011010110100101001010101
0101000101010110010110100110000101010010010101100101011001010000010100010110110001010010010011000101001100110000010010100101000001010110001100010100111001000011
0101001100110000001110010101010001010011001100010111000001010110010101000011000101110000010010100101001101000110010001100101010001010100010001010110110001001011
0101001101101011001100010101010001010110010101100100101001001001010101110101011001110000010010110101001101101100011100000101011001010011001100000011100101000010
0101011101010101011101000100111101010011010101100110110001001100010100110011000101110000010011110101001101000101001100010100101001010110010001010100101001010101
0101010101101011011101000100001101010100001100010100001001001111010101100101011001101100010100010101010001101100010100100101010101010101010001010011100101001100
0101001100110001011100000100111101010011001100000111010001100001010101000110101101111000010011000101011101101011010011100100011101010100011011000110110001010101
0101001100110000011101000101001001010100011011000101011001011010010100100011000101000110010010110101001100110001011100000100111101010111010001100110110001000101
0101010001101011011100000101101001010111010101010011000101000110010101110110110001001010010010110101001101101011011100000101000001010111010001010011000101000110
0101010101101011011101000100101101010110011010110011100101010100010100110110101101101100010100000101010100110000011011000101001001010001010101010110010001010101
0101011101101100011011000100111101010111011010110110110001010000010101110101011001001110010011100101010000110000011010000101001001010010010001100101001001001001
0101010001010101010101100100010101010110001100000111000001001100010100110101011001010110010011010101010001101011001110010101010101010001011010110100111001000010
0101010001000101010110100100001101010011011010110011010101010101010101000011000001100100010101000101001101101011011101000110000101010100011010110101011001000110
0101011101010110011011000100110001010110010101010110110001011001010101000100010101010110010101100101010001101011011110000100111101010011010001010011010101001110
0101011101010110010101100101000001010100010101100110010001001001010100110100010100111001010100000101010101010101001101010101011001010111010101010110010001010010
0101001101101011011101000110000101010100010001100111000001001011010101110110101101111000010100000101010001000101010001100101010101010101001100000101011001001001
0101010101010101011101000101010101010001010101100110110001010001010101110101011001001010011000010101001101101100011011000100010101010100011011000100011001000101
0101011001000101011010000100001101010110010001010111010001011010010100110011000101101100010001110101001000110000011100000101001101010101011011000101011001000111
0101001001010110011001000100111101010110010001010110100001000010010101110100010101011010010000100101001101000101011010000101000001010010010001100101011001010001
0101011101101011001100010101100101010110010101010011000101001100010101110100011001010110010001110101001001010101001110010101010101010011010101010011000101010110
0101010001101100010001100100101001010011010001010110010001010001010100010101010101000110010001000101001001101011011101000100001001010110010001010110110001001100
0101001101010110011100000100001101010110010001010011100101010101010100110101010101110100011000010101010001101011011101000100110001010111011010110011010101001101
0101010000110001010010100101011001010011001100000011000101001101010101000100010101011010010000110101011001010110010101100101001001010011001100010111000001001111
0101010001000101010101100101000001010011010001010110110001000110010101000011000001101000010001100101001001000110010010100100100101010111010001010011100101010101
0101010001000101001100010100101001010101011010110111010001001101010100100101010101000110010010010101011001010110011011000101100101010001001100010111000001011010
0101011001000101011001000101011001010111010101100110100001000100010101110110110001101100010101010101001101010110010101100101101001010111010001010100111001100001
0101011101010110010100100100010001010110011010110111000001010000010100100101010101001010010011000101010000110000011010000100011001000011011001110011110100111101